253,1.5,0.237281904,882,1,1,1,1,1,1,0,0,1,3,59684
214,1.5,0.174931124,864,1,0,0,1,1,0,1,0,1,3,49087
162,2.5,0.477502286,1456,1,1,1,1,1,1,1,0,0,3,115035
142,2.5,0.165289253,960,1,1,0,1,1,0,1,0,1,4,62052
137,1.5,0.206611574,1152,1,1,1,1,1,1,1,0,0,3,83194
73,2.5,0.514233232,660,1,1,1,1,1,1,1,0,1,5,101800
270,1.5,0.229683191,1144,1,1,1,1,1,1,1,0,1,3,72169
65,1,0.151515156,988,1,1,0,1,0,0,0,1,1,-4,60249
139,1,0.220385671,1000,1,1,0,1,1,0,1,0,1,3,53559
148,2.5,0.206611574,960,1,1,1,1,1,1,1,0,0,5,115505
153,1.5,0.222451791,1008,1,1,1,1,1,1,1,0,0,3,65455
86,2.5,0.21372819,1196,1,1,1,1,1,0,1,0,0,3,75452
172,1.5,0.160146922,960,1,1,1,1,1,1,1,0,0,3,55600
321,1.5,0.192837462,672,1,1,0,1,1,1,0,0,0,3,57412
118,1,0.247658402,1056,1,1,0,1,1,0,0,0,0,3,65566
155,1,0.265151501,924,1,1,1,1,0,1,0,0,1,3,77338
141,2.5,2.5,952,1,1,1,1,1,1,1,0,0,3,130194
92,1.5,0.133149684,1104,1,0,0,0,0,1,1,0,1,4,50078
148,1,0.117630854,925,0,0,0,1,0,0,1,0,1,3,41690
95,2,0.24793388,1248,1,0,1,1,1,1,1,0,0,3,58821
101,3,0.192837462,1400,1,1,1,1,1,1,1,1,0,4,107429
97,1.5,0.179292932,1248,1,1,1,1,1,1,1,0,0,3,76176
315,3.5,4.132231236,1394,1,1,1,1,1,1,1,0,0,4,222680
92,2.5,1.078971505,2232,1,1,1,1,1,1,1,0,1,3,118496
76,2,0.210674927,1092,1,1,0,1,1,1,1,0,0,3,69090
244,1.5,0.148760334,1025,1,1,1,1,1,1,1,0,0,3,53052
118,1,0.196051419,1040,1,1,0,1,0,1,0,0,1,3,59560
125,1.5,0.205922872,988,1,1,1,1,1,1,1,0,0,3,52800
95,2.5,0.23140496,864,1,1,1,1,1,1,1,0,0,4,114359
93,3,0.256198347,1248,1,1,1,1,1,1,1,0,0,4,86086
93,2,0.246786043,960,1,1,1,1,1,1,1,0,0,3,67625
104,2,0.332644641,1800,1,1,0,1,1,1,1,0,0,4,118800
151,2,0.164141417,1092,1,1,0,1,1,1,1,0,0,3,73511
125,1.5,0.192837462,864,1,0,0,0,0,0,1,0,0,3,53631
135,1.5,1.210000038,2176,1,1,1,1,1,1,1,1,0,3,91985
76,1.5,0.194444448,544,1,0,1,1,1,1,0,0,0,3,74025
112,2,0.40036732,1064,1,1,1,1,1,1,1,0,1,3,68911
123,1,0.143480256,616,1,1,0,1,1,1,0,0,0,3,68257
154,2,0.285123974,1092,1,1,1,1,1,1,1,0,1,3,78327
78,1,0.184802577,900,1,1,0,1,0,0,1,0,0,3,62351
103,1.5,0.229797974,912,1,1,0,1,0,0,1,0,1,3,64990
126,1,0.178719014,1292,1,1,0,1,1,1,0,1,1,2,64278
106,2,0.258264452,650,1,1,1,1,0,1,1,0,1,3,73532
112,2.5,0.450757563,1056,1,1,1,1,1,1,1,1,0,4,156749
155,2,0.165289253,960,1,0,0,1,0,0,1,0,1,3,62938
102,1,0.146212116,868,1,1,0,1,1,1,0,1,0,2,53561
239,1.5,0.164141417,960,1,1,0,1,1,0,1,0,1,3,60293
92,1,0.078971535,925,1,0,0,1,0,1,0,0,0,4,50065
107,1,0.143480256,840,1,0,0,1,0,0,0,0,1,2,35143
121,1.5,0.218549132,768,1,1,0,1,1,1,1,0,1,3,65332
121,2.5,0.171602383,1008,1,0,1,0,0,0,1,0,1,4,70350
128,2,0.164141417,1196,1,1,0,1,1,1,1,0,0,3,61431
221,1.5,0.282369137,1120,1,1,1,1,1,1,1,0,1,2,51175
95,2.5,0.186524332,1520,1,1,1,1,1,1,1,1,0,3,98819
247,1.5,0.181818187,736,1,0,1,1,1,1,0,0,0,3,114543
94,3,0.22635445,1248,1,1,1,1,1,1,1,0,0,3,76718
99,2,0.261707991,1260,1,1,1,1,1,1,1,0,0,5,139021
79,1,0.143480256,672,1,1,0,0,0,1,0,0,0,3,57553
99,1,0.192837462,864,1,1,0,1,0,0,0,0,0,2,53880
86,2,0.235078052,624,1,1,1,1,1,1,1,0,0,3,93243
84,1,0.15495868,946,1,0,1,1,0,0,0,0,1,3,57304
135,1,0.131129473,672,1,1,0,1,0,1,1,0,0,3,47738
118,2,0.172176302,960,1,0,0,0,0,1,0,0,1,3,68985
245,1.5,0.206611574,1040,1,1,0,1,1,1,1,0,0,3,55069
97,3,0.220385671,1196,1,1,1,1,1,0,1,1,1,5,91940
153,1,0.139921948,936,1,0,1,0,1,1,1,0,1,3,58039
253,1,0.230716258,672,1,0,1,1,1,1,0,0,0,3,69653
224,2.5,1.799999952,750,1,1,1,1,1,1,1,0,0,3,102208
103,2,1.700000048,1288,1,1,1,1,1,1,1,0,1,3,94268
141,1,0.18937099,988,1,1,1,1,1,1,1,0,1,3,63650
124,3.5,0.327685952,1200,1,1,1,1,1,1,1,0,0,4,163787
265,3,0.292470157,1344,1,1,1,1,1,1,1,0,0,4,66119
97,2,0.526859522,896,1,1,1,1,1,0,0,0,0,2,73010
227,1,0.158402205,912,1,1,1,1,1,0,1,0,0,3,55228
189,1.5,0.188016534,1040,0,1,1,1,1,1,1,0,1,4,75614
140,2,0.192837462,768,1,1,0,1,1,1,1,1,0,3,64707
119,3,0.225895315,1344,1,1,1,1,1,1,1,0,1,3,101898
100,1.5,0.292699724,819,1,1,0,1,0,1,1,0,1,3,78078
84,1,0.151515156,988,1,1,0,1,0,1,0,0,1,3,54763
80,2,0.160697892,864,1,0,0,0,0,0,0,0,1,3,46516
98,1,0.172176302,864,0,1,0,0,0,0,0,0,1,3,45230
154,1.5,0.202020198,1040,1,1,0,1,1,0,1,1,0,3,58987
84,1,0.175619841,912,1,0,0,1,0,0,1,0,1,3,42557
140,2,0.206611574,912,1,1,0,1,1,1,1,0,1,3,61888
276,1.5,0.232438013,624,1,1,1,1,1,1,1,0,0,3,80580
139,2.5,1.550137758,1292,1,1,1,1,1,1,1,1,0,4,151098
98,3,0.232782364,1196,1,1,1,1,1,1,1,0,0,4,79387
93,2,0.303581268,1300,1,1,1,1,1,1,1,0,1,3,88232
143,1,0.146005511,1150,0,1,1,1,1,1,0,0,1,3,70591
80,2,0.532598734,1120,1,1,1,1,0,1,1,0,0,4,126047
135,3,1.399999976,1800,1,1,1,1,1,1,1,0,1,4,163987
153,1,0.126836553,768,0,0,0,1,0,0,0,0,1,2,43515
100,2.5,1,960,1,1,0,1,1,1,1,0,0,4,145145
79,2,0.257116616,1152,1,1,0,1,1,1,1,0,0,3,83135
202,1.5,0.200872362,1428,1,1,1,1,1,1,1,0,1,3,68127
165,2.5,0.229568407,1092,1,0,1,1,1,1,1,0,0,5,85156
177,2,0.249770433,1092,1,1,1,1,1,1,1,0,1,3,78991
306,2,0.192837462,988,1,1,0,1,1,1,1,1,0,3,59295
146,2,0.184022039,1254,1,1,0,1,1,1,1,0,1,3,58466
158,3,0.61065197,784,1,0,1,1,0,1,1,0,0,4,70490
229,2.5,0.309917361,736,1,0,1,1,1,1,1,0,0,4,192694
105,1,0.143480256,1456,1,0,1,1,1,1,1,0,1,2,72230
201,1.5,0.107438013,480,0,1,0,1,1,1,0,0,0,2,46188
139,2.5,0.75,1104,1,1,1,1,1,1,1,0,1,3,72000
107,1,0.249655649,840,1,1,1,1,1,0,1,0,1,3,60902
137,2,0.303719014,1020,1,1,0,1,1,1,1,0,1,3,87938
153,1.5,0.14692378,1040,1,1,0,1,0,0,1,1,0,3,63242
133,2,0.50505048,1120,1,1,1,1,1,1,1,0,0,4,127625
81,1,0.22210744,988,1,1,0,1,1,0,0,0,1,3,59810
111,1.5,0.205922872,1008,1,1,0,1,1,1,1,0,0,3,58888
125,2.5,0.295041323,1230,1,1,1,1,1,1,1,1,0,4,168000
112,1.5,0.299586773,1200,1,1,1,1,1,0,1,0,1,3,85182
98,2,0.459136814,1248,1,1,1,1,1,1,1,0,0,4,65065
128,1,0.045913681,480,1,0,0,1,0,1,0,0,1,1,32666
111,2,0.470454544,840,1,1,1,1,1,1,0,1,1,3,78213
138,1.5,0.171602383,624,1,0,0,1,1,1,1,0,0,3,57648
223,2.5,0.295661151,1431,1,1,1,1,1,1,1,0,0,4,82965
141,1.5,0.192837462,1040,1,1,1,1,1,1,1,1,0,3,70354
80,1.5,0.198347107,1088,0,0,0,1,0,1,0,0,1,3,59334
149,1.5,0.436179996,1344,1,1,1,1,1,1,1,0,0,3,85176
115,2,0.253673106,1872,1,1,1,1,1,1,1,0,0,4,117117
128,1,0.157575756,936,1,0,0,1,0,1,0,0,0,3,52558
248,3,0.229568407,1248,1,1,1,1,1,1,1,0,0,4,62704
149,1,0.168411389,936,1,0,0,1,0,1,0,0,1,3,50461
144,2.5,0.255280078,1200,1,1,1,1,1,1,1,0,0,3,84129
122,1.5,0.220385671,720,1,1,1,1,1,1,1,0,0,3,100500
83,2,0.208907262,950,1,1,0,1,1,1,1,0,1,3,67331
206,3,0.575068891,810,1,1,1,1,1,1,1,0,1,3,96225
138,2,0.208907262,864,1,1,1,1,1,1,1,0,0,4,48002
84,1,0.169696972,576,0,1,1,1,0,0,1,0,1,3,49485
85,3,0.227272734,1200,1,1,1,1,1,1,1,1,1,4,87985
114,1.5,0.2248393,1120,1,1,0,1,1,1,1,0,1,3,67954
210,1.5,0.399793387,1104,1,1,1,1,1,1,1,0,0,3,65011
317,3,1.100000024,1748,1,1,1,1,1,1,1,1,1,3,122205
86,2.5,0.238751143,1120,1,1,1,1,1,1,1,0,0,4,132250
128,3.5,0.286960512,1736,1,1,1,1,1,1,1,0,0,3,107261
108,1,0.151515156,704,0,0,0,1,0,0,0,0,1,2,41199
227,1.5,0.209182739,960,1,1,1,1,1,0,1,0,0,3,60815
133,2,0.211202934,1144,1,1,0,1,1,1,1,0,1,4,82410
111,1,0.137741044,900,1,0,0,1,0,0,0,0,0,3,47759
125,2,0.266758502,1204,1,1,1,1,1,1,1,0,0,5,100884
225,2.5,0.278925628,1075,1,1,1,1,1,1,1,0,1,4,107437
315,2,0.206611574,912,0,1,1,1,1,1,1,0,0,3,55423
145,2,0.330486685,572,1,1,1,1,1,1,1,1,1,3,96344
155,2.5,0.151515156,1040,1,1,1,1,1,1,1,0,0,4,67690
145,1.5,0.253902674,1040,1,1,1,1,1,1,1,0,0,3,80745
91,1,0.087235995,1056,1,1,0,1,0,1,0,0,1,3,63525
142,3,2.880000114,1512,1,1,1,1,1,1,1,0,1,4,147441
84,3,0.206611574,1196,1,1,1,1,1,0,1,1,1,5,98016
193,1.5,0.220385671,1144,1,1,0,1,1,1,1,0,0,4,65463
156,2.5,1.010100961,3080,1,1,1,1,1,1,1,1,1,4,120101
177,1.5,0.216483012,1092,1,1,1,1,1,1,1,0,0,3,56237
142,2,0.114784204,1040,1,1,1,1,1,0,1,1,0,3,68472
322,2,0.394628108,1050,1,1,1,1,1,1,1,1,1,3,67127
204,1.5,0.156565651,912,1,1,0,2,1,0,1,0,1,4,51826
101,1.5,0.215220392,864,1,1,0,1,1,1,1,0,1,3,64334
92,2.5,0.151515156,832,0,1,1,1,1,1,1,0,0,4,62655
252,2.5,0.220385671,1248,1,1,1,1,1,1,1,1,0,3,150731
92,1,0.143480256,832,1,0,1,1,0,1,1,0,0,3,81465
272,2,0.617355347,2414,0,1,1,1,1,1,0,1,0,3,138818
147,3,0.166666672,1144,1,1,1,1,1,1,1,1,0,3,87965
144,1.5,0.228099167,1064,1,1,0,1,0,1,1,0,1,3,71558
95,1,0.151515156,1014,1,1,0,1,1,1,0,0,0,3,60853
196,1.5,0.220385671,960,1,1,0,1,1,1,1,0,0,3,61507
96,1.5,0.192837462,828,1,1,0,1,1,0,1,0,0,3,51895
146,2,0.192837462,672,1,0,0,1,1,1,1,0,0,3,67431
118,2,0.179981634,1144,1,1,1,1,1,1,1,1,0,3,72973
106,2,2.119999886,936,1,0,1,1,1,1,1,0,0,5,119342
142,2,0.220385671,1144,1,1,0,1,1,1,1,0,0,3,78327
146,1,0.179063365,864,0,1,0,1,0,0,0,0,1,3,46966
126,1.5,0.20569329,984,1,1,0,1,1,0,1,0,0,3,61972
80,2,0.241046831,1408,1,1,1,1,1,1,1,0,1,3,84315
85,2.5,0.151515156,896,0,1,1,1,1,1,1,0,0,4,69461
75,1,0.206611574,700,1,1,0,0,1,1,1,0,0,3,76859
248,2,0.041322313,1050,1,1,1,1,1,1,1,1,1,3,68083
153,2,0.289256185,1040,1,1,1,1,1,1,1,0,1,3,71396
144,3,0.214876026,1008,1,1,1,1,1,1,1,0,0,3,68952
113,2.5,0.405876964,1736,1,1,1,1,1,1,1,0,1,3,111533
122,1,0.18709825,756,1,0,0,1,0,1,0,0,1,2,37952
219,2.5,0.222130388,1134,1,1,0,1,1,0,0,0,1,3,67528
143,1,0.140495867,1092,1,1,0,1,1,1,1,0,1,3,71487
247,2,0.268227726,1040,1,1,1,1,1,1,1,0,0,3,57479
259,1.5,0.197658405,1120,1,1,0,0,1,1,1,0,1,3,54125
151,2,1,1856,1,1,1,1,1,1,1,1,1,3,136890
321,1.5,0.151515156,960,1,1,0,1,1,1,1,0,0,3,53556
249,1.5,0.202479333,816,1,0,0,1,1,1,0,0,0,4,53325
270,3.5,1.850000024,1216,1,1,1,1,1,1,1,0,0,3,141389
106,2,0.168617994,988,1,1,1,1,1,1,1,0,0,3,67568
93,1,0.460000008,728,1,1,1,1,0,1,0,0,1,2,55946
86,1.5,0.292699724,1080,1,0,1,1,1,1,1,0,1,3,74613
99,2.5,0.186524332,1200,1,1,1,1,1,1,1,1,0,3,104616
100,20,0.330578506,1400,1,1,1,1,1,1,0,1,1,3,86398
272,3,0.188246101,1568,1,1,1,1,1,1,1,0,1,3,116438
80,1,0.143480256,864,1,1,0,0,0,1,0,1,1,3,52949
152,3,0.246441692,1144,1,1,1,1,1,1,1,0,0,4,74362
125,1.5,0.015840221,900,1,1,0,1,0,0,1,0,1,3,57168
279,3,0.294421494,1440,1,1,0,1,1,0,1,0,1,4,98308
204,2,0.130394861,784,1,1,1,1,1,1,1,0,0,3,102802
100,3,1.5,988,1,1,1,1,1,1,1,1,0,4,145145
149,3.5,0.206611574,2832,1,1,1,1,1,1,1,0,1,4,123615
118,1,0.271349877,864,1,1,1,1,0,0,1,0,0,3,55055
322,2,0.235078052,1316,1,1,1,1,1,1,1,0,1,3,71000
145,1.5,0.208907262,1008,1,1,1,1,1,0,1,0,1,4,68180
135,1,0.160697892,936,1,0,0,1,1,1,1,0,1,2,50461
203,2,0.174999997,1020,1,1,1,1,1,1,1,1,0,3,59660
141,2,0.206611574,754,1,1,1,1,1,1,1,0,1,4,81974
150,1,0.158402205,864,1,0,0,1,0,0,1,0,0,3,55989
154,2,0.206611574,936,1,1,1,1,1,1,1,0,1,4,63822
214,2.5,0.316483021,965.2000122,1,1,1,1,1,1,1,1,0,4,155426
300,1.5,0.16551882,1040,1,1,0,1,1,0,1,0,1,3,71123
145,1,0.198002756,936,1,1,0,1,0,0,0,0,1,3,58127
82,2,0.179063365,864,1,1,0,1,0,0,1,0,0,3,60424
136,1.5,0.155647382,1040,1,1,1,1,0,0,1,1,0,3,58849
103,2.5,0.694214881,1232,1,1,1,1,1,1,1,0,1,3,115772
136,1,0.158402205,864,1,1,0,1,0,0,1,0,1,3,60300
244,1.5,0.330578506,1440,1,1,1,1,1,0,1,0,1,3,86348
100,2.5,0.275482088,1040,0,1,1,1,1,1,1,0,1,4,110670
140,2.5,0.28466484,1316,1,1,1,1,1,1,1,0,0,4,137789
93,2,0.223829195,864,1,1,0,1,0,1,0,0,1,3,60289
146,2,0.275482088,988,1,1,0,1,1,1,1,0,1,5,65502
182,3,0.216942146,1240,1,1,1,1,1,1,1,0,0,4,108959
155,1.5,0.110192835,224,1,0,0,0,0,1,0,0,0,3,44966
77,2,0.177571163,988,1,1,1,1,1,1,0,1,0,3,65492
152,2,0.238751143,1144,1,1,1,1,1,1,1,0,0,3,80261
138,1.5,0.298324138,1008,1,0,0,1,1,0,0,0,1,3,62021
264,2.5,0.229568407,864,1,1,1,1,1,1,0,1,0,3,110112
113,1,0.196418732,1680,0,1,0,1,1,1,0,1,1,2,44839
147,2.5,0.202020198,1092,1,1,1,1,1,1,1,1,0,3,70742
139,2,0.143480256,1050,1,1,1,1,1,0,0,0,1,3,55604
142,1,0.143480256,832,1,0,1,1,0,1,1,0,0,3,82701
139,2,0.177961439,988,1,1,1,1,1,1,1,0,0,3,57242
151,2,0.223829195,880,1,0,0,1,1,1,1,0,1,3,56784
98,2,0.143480256,988,1,0,0,1,1,1,0,0,1,4,57132
219,2,0.308195591,1400,1,1,1,1,1,1,1,0,0,4,83264
112,2.5,0.282690555,782,1,1,1,1,1,1,1,0,0,4,111468
83,2,0.233011931,1040,1,1,0,1,1,0,1,0,1,4,67386
144,1.5,1.899999976,1334,1,1,1,1,1,1,1,0,1,3,106184
117,1.5,0.081060603,1056,1,1,1,1,1,1,1,0,0,3,52000
138,1,0.199265376,1008,1,0,1,1,0,1,0,0,1,3,64325
210,2.5,0.190174475,1248,1,1,0,1,1,1,1,0,0,3,70822
106,3.5,0.721028447,1564,1,1,1,1,1,1,1,1,0,4,221688
122,1,0.131772265,952,1,0,0,1,0,1,0,0,0,2,57648
90,2,0.192837462,936,1,1,1,1,1,1,1,0,0,4,88009
76,2,0.151515156,1144,0,1,1,1,1,1,1,0,0,4,71064
147,2,0.241046831,1120,1,0,1,1,0,1,1,0,1,3,68340
102,1.5,0.19008264,925,1,1,1,1,0,0,1,0,0,4,57661
78,1.5,0.198002756,1196,1,1,1,1,1,1,1,0,0,3,73238
198,2,0.198347107,1352,1,1,1,1,1,0,1,1,0,3,92299
149,3,0.75,1248,0,1,1,1,1,1,1,0,0,5,95475
179,2.5,3,1118,1,1,1,1,1,1,1,0,0,4,109154
177,2,0.473347098,1404,1,1,0,1,1,0,0,0,1,3,141877
90,2,0.200872362,1344,1,1,1,1,1,1,1,0,0,4,91171
227,3,0.642056942,945,1,1,1,1,1,1,1,1,1,4,221491
149,2,0.208907262,864,1,1,1,1,0,0,1,0,0,4,58224
168,2.5,0.258264452,612,1,1,1,1,1,1,1,0,0,3,102587
97,2,0.237603307,1144,1,1,1,1,1,1,1,0,1,3,94860
141,2.5,0.196969703,1056,1,1,1,1,1,1,1,1,0,3,62611
154,2,0.186524332,960,1,1,0,1,1,0,1,0,1,3,58020
87,2,0.164141417,936,1,1,1,1,1,0,1,0,1,3,59450
150,1,0.171602383,988,1,1,0,1,1,0,0,0,0,3,53957
99,1,0.157024801,288,1,1,1,1,1,0,1,0,1,3,53323
136,2.5,1.100000024,784,1,1,1,1,1,1,1,0,0,4,116880
180,2.5,0.220385671,1316,1,1,1,1,1,1,1,0,1,4,79758
134,2,0.234618917,988,1,1,0,1,1,1,1,0,1,4,70350
153,2,0.158402205,864,1,1,0,1,0,0,1,0,1,3,59954
144,1,0.275482088,780,1,1,0,1,0,0,0,0,0,4,54624
167,2,0.195362717,912,1,0,0,1,1,1,1,0,1,3,57691
127,2,0.471533507,1020,1,1,1,1,1,1,1,0,0,4,123864
140,2,0.239669427,1196,1,1,1,1,1,0,1,0,0,3,62879
177,3,0.241046831,1092,1,1,1,1,1,1,1,0,1,4,84355
321,2.5,0.430440784,816,1,1,1,1,1,1,1,0,0,4,95973
137,2,0.243916437,1054,1,1,0,1,1,1,1,1,1,3,85793
119,1,0.170798898,936,1,1,0,1,1,0,0,0,1,3,62310
82,1,0.137741044,918,1,0,0,1,0,0,0,0,1,3,49376
158,1.5,0.205922872,1014,1,1,0,1,1,0,1,0,1,3,55379
84,2,0.275482088,864,1,0,0,1,1,1,1,0,0,3,59850
90,2,0.137741044,780,1,0,0,1,0,1,0,0,0,3,61570
142,2,0.143480256,528,1,1,1,1,0,1,0,0,1,2,77636
105,2,1.75,936,1,1,1,1,1,1,1,0,0,4,133133
244,2.5,1.24000001,2100,1,1,1,1,1,1,1,1,0,4,203975
157,2,0.143480256,1120,1,1,1,1,1,0,1,0,1,3,68476
112,1,0.154269978,912,1,0,0,1,0,0,0,0,1,3,51923
97,2,0.224977046,1120,1,1,0,1,1,1,1,0,1,3,62059
142,2.5,0.243916437,1232,1,1,1,1,1,1,1,1,0,4,120643
204,2.5,0.247750223,1248,1,1,1,1,1,1,1,0,0,4,67118
243,1.5,0.302915514,1196,1,1,1,1,1,1,1,0,0,4,72250
80,1,0.301308543,988,1,1,0,1,1,0,0,1,1,3,62282
124,3,0.309917361,780,1,1,1,1,1,0,1,0,1,3,99659
176,1.5,0.19008264,900,1,1,0,1,1,0,1,0,0,3,51919
139,1,0.192837462,988,1,1,0,1,1,1,1,0,0,3,63617
123,2,0.15495868,960,1,1,1,1,1,1,1,0,1,3,92109
111,3,0.140495867,1104,1,0,1,1,1,0,1,0,0,5,43791
106,2.5,0.549127638,936,1,1,1,1,1,1,1,1,0,4,127178
131,2,0.557851255,1248,0,1,1,1,1,1,0,1,1,2,53613
88,2,0.212855831,1040,1,1,0,1,0,1,1,0,1,3,66523
180,1.5,0.23140496,1040,1,1,1,1,1,1,1,0,0,3,69858
149,3,0.273186415,1300,1,1,1,1,1,1,1,1,0,3,161849
84,1.5,0.158402205,888,1,1,0,1,0,0,1,0,0,3,53584
137,2,0.275482088,840,1,0,0,1,1,0,1,0,0,2,68472
79,1,0.143480256,864,1,1,0,0,0,1,0,0,0,2,49775
83,2,0.257116616,1152,1,1,0,1,1,1,0,0,0,3,64323
145,2,1.200000048,1344,1,1,1,1,1,1,1,0,0,4,113568
82,3,0.151515156,1014,1,1,1,1,1,1,1,1,0,5,69939
113,3,0.245867774,728,1,1,1,1,1,1,1,0,0,3,81974
101,1.5,0.091827363,616,1,0,0,0,0,1,1,0,0,2,49514
112,3,0.208907262,1120,1,1,1,1,1,0,1,0,1,4,78482
101,1.5,0.23140496,1260,1,1,0,1,1,1,0,0,1,3,72686
145,1,0.151515156,1014,1,1,0,1,1,1,0,0,0,3,62868
176,1.5,0.232438013,624,1,1,1,1,1,1,1,0,0,3,72856
119,1.5,0.306703389,1064,1,1,1,1,1,1,1,1,0,3,68542
149,2,0.192837462,988,1,1,0,1,1,1,1,1,0,3,61511
219,2,0.248760328,1176,1,1,1,1,1,1,1,0,0,3,64677
158,1.5,0.15824151,960,1,1,1,1,1,1,1,0,0,4,63405
79,1.5,0.027548209,640,1,1,0,0,1,1,1,0,0,3,55918
169,2,0.220385671,1248,1,1,0,1,1,1,0,0,1,3,52916
78,2,0.361570239,1456,1,1,1,1,1,1,1,0,1,3,102434
99,3,0.74000001,924,1,1,1,1,1,1,1,0,0,5,104742
103,3,0.241735533,1288,1,1,1,1,1,1,1,0,0,3,62647
129,1,0.170798898,925,1,0,0,0,0,0,0,0,1,3,41314
81,1,0.080348946,962,1,1,0,0,0,0,0,0,1,2,50540
103,2,0.213498622,1280,1,1,1,1,1,1,1,0,1,3,68754
96,2.5,0.192837462,702,0,1,1,1,1,1,1,1,0,3,97951
150,2,0.958333314,1260,1,1,1,1,1,1,1,0,0,4,89031
99,1,0.019283747,960,1,0,0,0,0,0,0,0,1,3,50943
127,2.5,0.224977046,1248,1,1,0,1,1,1,1,0,1,4,79471
128,2,0.158402205,1008,1,1,1,1,1,1,1,0,0,3,64491
147,1.5,0.460743815,676,1,1,1,1,1,1,1,0,1,2,69624
237,2,0.222222224,988,1,1,1,1,1,1,1,0,0,3,60217
152,2.5,0.5,1716,1,1,1,1,1,1,1,0,1,4,207905
135,1,0.091735534,1008,1,1,1,1,1,1,0,1,1,2,50550
151,1,0.198760331,1008,0,0,0,1,0,1,0,0,1,3,43602
102,2.5,1.700000048,750,1,1,1,1,1,1,1,0,0,3,122163
105,2,0.275482088,864,1,1,0,1,1,1,1,0,0,3,45796
82,2,0.165289253,1120,1,1,0,1,1,1,1,0,1,3,71470
109,2,0.246831954,612,1,1,1,1,1,1,1,1,1,3,73245
127,1,0.23140496,936,1,1,0,1,1,0,1,0,0,3,69151
149,2,0.486685038,768,1,0,1,0,1,0,0,1,1,3,52763
75,2.5,0.436179996,1344,1,1,1,1,1,1,1,0,0,3,87731
151,3,4,952,1,1,1,1,1,1,1,0,0,4,135876
156,1,0.189393938,912,1,0,0,1,0,0,1,0,1,3,60319
156,2,0.229683191,1008,1,1,1,1,1,1,1,0,0,3,68475
97,2.5,0.303030312,936,1,1,1,1,1,1,1,1,0,4,117558
150,1,0.232782364,864,1,0,0,1,0,0,1,0,1,3,59729
226,1,0.283057839,1092,1,1,1,1,1,1,1,0,1,3,67774
136,1,0.129132226,899,1,1,0,1,1,1,0,1,0,2,51394
144,2,0.275482088,784,1,0,0,0,0,1,1,0,0,4,81712
306,3,0.237832874,1104,1,1,1,1,1,1,1,0,0,3,67557
111,3,0.502180874,1000,1,1,0,1,1,1,1,0,1,6,104324
182,3,0.209595963,1196,1,1,1,1,1,1,1,0,1,5,93142
80,3,1.146740079,832,1,1,1,1,1,1,1,0,1,5,123000
141,3.5,0.386363626,528,1,1,1,1,1,1,1,0,0,4,122961
187,2,0.215220392,1248,1,1,1,1,1,1,1,0,0,3,83213
81,3,0.234159783,768,1,1,0,1,1,1,1,0,0,5,92911
92,1.5,0.198002756,616,1,0,0,1,0,0,0,0,0,3,51842
79,2,1.919999957,1150,1,1,1,1,1,1,1,1,0,4,122160
137,2,1.200000048,1344,1,1,1,1,1,1,1,0,0,4,112560
257,2,0.243916437,1200,1,1,0,1,1,1,1,0,0,3,66548
73,3,0.860881567,1020,1,1,1,1,1,1,1,0,0,4,128999
146,2,0.225895315,748,1,1,1,1,1,1,1,0,0,3,88827
106,3,0.225895315,1248,1,1,1,1,1,1,1,0,0,4,92492
153,2,0.184802577,864,1,1,0,1,0,0,1,0,1,3,61305
158,2.5,0.238751143,1196,1,1,1,1,1,1,1,0,0,4,80560
111,1.5,0.860881567,1344,1,0,0,1,1,1,1,0,1,3,88053
83,2,0.180555552,1120,1,1,0,1,1,1,1,0,1,5,79438
96,1,0.126836553,950,0,1,0,1,0,1,0,0,1,3,42373
100,1.5,0.300734609,972,1,1,1,1,1,1,1,0,1,3,90027
206,1.5,0.192837462,960,1,1,1,1,1,0,1,0,1,3,58505
109,1.5,0.151515156,988,1,1,0,1,1,1,1,0,0,3,54665
201,3.5,0.280073464,1008,1,1,1,1,1,1,1,0,0,5,149787
121,2,0.261042237,1216,1,1,0,1,1,1,1,0,1,3,78390
139,2.5,0.271074385,1232,1,1,1,1,1,1,1,0,1,4,78499
137,1.5,0.220385671,1080,1,1,1,1,1,1,0,0,1,3,69384
133,2.5,0.234159783,672,1,1,1,1,1,1,1,0,0,4,82360
84,1,0.143480256,864,0,1,0,0,0,0,0,0,1,3,35723
182,2,0.234618917,988,1,1,0,1,1,1,1,0,1,4,53161
96,1.5,0.20826447,988,1,1,1,1,1,0,1,0,0,3,65408
66,2,0.32396695,1120,1,1,1,1,1,1,1,1,1,3,83740
206,2.5,0.331542701,1400,1,1,0,1,1,1,1,0,1,5,103153
155,1.5,0.262626261,1380,1,1,1,1,0,1,1,0,0,3,74459
101,1,0.216942146,768,1,0,0,0,1,0,1,0,1,2,35183
313,1.5,0.165289253,832,1,1,1,1,1,0,0,1,1,3,57230
107,1.5,0.212649226,754,1,1,1,1,1,1,1,0,0,3,92827
155,2.5,0.229568407,1848,0,1,1,1,1,1,1,1,0,3,130709
84,3,0.206611574,1196,1,1,1,1,1,1,1,1,1,4,105735
272,2,0.157024801,912,1,1,0,1,1,1,1,0,0,4,61268
137,1,0.237190083,864,1,1,0,1,0,0,1,0,1,3,58290
143,1,0.143480256,912,1,0,0,1,0,0,0,0,1,2,48834
139,1.5,0.206611574,1008,1,0,0,1,1,1,1,0,0,3,59600
147,1.5,0.165289253,1008,1,0,0,1,1,0,1,0,1,3,60803
151,1.5,0.276974291,988,1,1,1,1,1,0,1,0,1,3,64186
133,2,0.195592284,1176,1,1,0,1,1,1,1,0,1,3,68340
154,2.5,0.89531678,696,1,1,1,1,1,1,1,1,0,3,97667
104,2,0.20144628,864,1,0,0,1,0,0,1,0,1,3,58759
90,2,0.151515156,864,1,0,0,1,1,0,1,0,1,4,71820
122,2,0.192837462,1550,1,1,1,1,1,1,0,1,1,3,90447
107,2,0.153810829,624,1,0,1,0,0,1,0,0,0,2,63169
210,2,0.137741044,864,1,0,1,1,1,1,1,0,1,3,54176
105,2,0.253099173,1452,1,1,1,1,1,1,1,1,1,3,97663
151,2,0.19846189,1066,1,1,0,1,1,1,1,0,0,3,59002
152,2,0.470041335,1920,1,1,1,1,1,1,1,1,1,3,81010
124,1,0.138062447,864,1,0,0,1,1,0,1,0,1,3,46255
219,3,3,1664,1,1,1,1,1,1,1,0,1,4,88110
181,1.5,0.220844805,1008,1,1,0,1,1,1,1,0,0,3,64426
141,2,0.212695137,1196,1,1,1,1,1,1,0,0,1,3,73777
94,2,0.249655649,1056,1,0,1,1,1,1,1,0,0,3,82524
265,2.5,3,1664,1,1,1,1,1,1,1,0,1,3,88235
179,1.5,0.257116616,1248,1,1,1,1,1,1,1,0,0,3,75244
142,1,0.22635445,936,1,1,0,1,0,0,0,0,1,3,51050
92,2,0.34710744,1288,1,1,1,1,1,1,1,1,0,3,111090
109,1.5,0.229568407,1456,1,1,1,1,1,1,1,1,1,3,93425
140,1.5,0.272038579,672,1,1,0,1,1,1,1,0,0,3,64300
90,3,0.232782364,1196,1,1,1,1,1,1,1,0,0,4,90773
98,2,0.275482088,1152,1,0,0,1,0,1,1,0,0,5,79716
84,2,0.158402205,925,1,0,1,1,1,0,1,0,1,3,56413
87,2,0.409779608,1200,1,1,1,1,1,0,0,1,0,4,104755
94,2,0.198002756,1260,1,1,0,1,1,1,1,0,1,3,74748
147,1.5,0.172176302,960,1,1,0,1,1,1,1,1,0,3,62951
81,2,0.242883384,1352,1,1,1,1,1,1,1,0,1,3,77111
100,2,0.286960512,675,1,1,1,1,1,1,0,0,0,3,81259
140,2,1,936,1,0,1,1,0,1,1,0,0,3,79563
165,2,0.192722678,936,1,1,1,1,1,1,1,0,1,3,67495
154,2,1.669999957,1036,1,1,1,1,1,1,1,1,0,4,135442
122,3,0.743801653,780,1,1,1,1,1,1,1,0,0,4,128747
84,2,0.200872362,1196,1,0,0,1,0,1,1,0,1,3,64500
104,2,0.275482088,1352,1,1,1,1,1,1,1,0,1,3,74606
277,1.5,0.26859504,1200,0,1,1,1,1,1,1,0,1,4,62125
244,2.5,0.34710744,1760,1,0,1,1,1,1,1,0,0,4,141472
86,2,0.363636375,1092,1,0,0,1,1,0,1,0,1,3,68419
107,1.5,0.220844805,1232,1,1,1,1,1,1,1,0,1,3,80833
248,2,0.361570239,1456,1,1,1,1,1,1,1,0,1,3,88420
163,3,0.458562911,1008,1,1,1,1,1,1,1,1,1,4,137635
129,2.5,0.208907262,1300,1,1,1,1,1,1,1,0,0,3,69328
196,3,0.171717167,1248,1,1,1,1,1,1,1,0,1,4,105848
136,2,0.206611574,1040,1,1,1,1,1,1,1,0,0,3,65502
89,1.5,0.165289253,744,1,1,0,1,0,1,1,0,0,3,63036
236,2,0.232782364,1196,1,0,0,1,1,1,1,0,0,4,69584
101,1,0.229568407,810,1,0,0,1,0,1,0,0,0,3,60390
226,2.5,0.192837462,1156,0,1,1,1,1,1,1,0,0,3,98880
232,1.5,0.198002756,1872,1,1,1,1,1,1,1,0,0,3,63439
283,1.5,0.26859504,1248,0,1,0,1,1,1,0,0,1,3,50363
87,2,0.24793388,1040,1,1,1,1,0,1,1,0,1,3,61293
272,3,0.273163438,792,1,1,1,1,1,1,1,1,1,4,106366
120,2,0.441689611,1440,1,1,0,1,1,1,1,0,0,4,70619
84,1.5,0.224793389,1118,1,1,0,1,1,1,1,0,1,3,74423
140,1,0.148760334,864,1,1,1,1,1,0,1,0,1,3,53524
317,2,0.238751143,1196,0,1,1,1,1,1,1,0,1,3,64545
110,1.5,0.206611574,1040,1,1,0,1,1,0,1,0,0,3,55336
109,1,0.1642562,1292,1,0,0,1,1,0,0,1,1,2,64030
182,2,0.137741044,578,1,1,0,1,1,0,0,0,1,3,50525
116,2,0.129132226,432,1,1,1,1,1,1,1,1,0,3,58000
146,1,0.15495868,616,0,0,0,1,0,0,0,0,1,2,29864
113,2,0.159779608,1008,0,1,1,1,1,0,1,0,0,3,73073
254,1,0.275482088,896,1,0,0,1,1,1,0,0,0,3,56235
145,4,0.258264452,1378,1,1,1,1,1,1,1,0,0,4,113568
284,3,0.332874209,1280,1,1,1,1,1,1,1,0,0,3,132151
87,1,0.154040411,952,0,0,0,0,0,0,1,0,1,3,51308
145,2.5,1.919999957,1196,1,1,1,1,1,1,1,0,0,4,100522
84,2.5,0.229568407,952,1,1,1,1,1,1,1,1,0,4,116827
239,1.5,0.143480256,672,1,1,0,1,1,0,1,0,0,4,67403
113,3,0.198347107,1196,1,1,1,1,1,0,1,1,1,5,92306
253,2,0.26859504,1300,1,0,1,1,1,1,1,0,1,4,79578
152,1,0.182506889,899,1,0,0,1,0,0,0,0,1,2,49184
141,2,0.280991733,1248,1,1,1,1,1,1,1,0,0,4,76456
111,2,0.223829195,1144,1,1,0,1,0,0,1,0,1,3,66518
88,2,0.206611574,1196,1,1,1,1,1,1,1,0,0,3,80463
113,2.5,1.120000005,1476,1,1,1,1,1,1,1,1,0,4,217482
90,2,0.208907262,1064,1,1,1,1,1,1,1,0,1,3,77606
168,3,0.225895315,1248,1,1,1,1,1,1,1,0,1,5,112465
136,1.5,0.176308543,912,1,0,0,1,1,1,1,0,0,3,52322
140,2,0.019283747,1300,0,1,1,1,1,1,0,1,1,3,75223
74,2.5,0.143480256,800,1,1,1,1,0,1,1,0,0,3,80422
94,1.5,0.229568407,960,1,1,1,1,1,1,1,0,0,4,75576
110,3,0.309917361,1280,1,1,1,1,1,1,1,0,1,4,105281
155,1,0.091712579,528,1,0,0,1,0,1,0,0,0,2,49343
247,2.5,0.225895315,840,1,1,1,1,1,1,1,0,1,4,109491
152,1,0.172176302,1050,1,0,0,1,0,0,0,0,0,2,54971
139,1.5,0.233011931,968,1,0,1,0,1,0,1,0,1,3,52931
134,1.5,0.206611574,784,1,1,1,1,1,1,1,1,0,3,108282
103,2,0.172176302,728,1,1,0,1,0,1,0,0,0,3,72809
165,3,0.283516973,1632,1,1,1,1,1,1,1,0,1,4,86688
153,1.5,0.275482088,1040,1,1,1,1,1,1,1,0,0,3,68843
248,1.5,0.179063365,1092,1,1,0,1,1,0,0,0,1,3,57473
301,1.5,0.151515156,960,0,1,0,1,1,1,1,0,0,4,50129
152,1,0.204086319,864,1,1,1,1,1,0,1,1,1,2,64448
111,2.5,0.275206626,1056,1,1,1,1,1,1,1,0,0,3,65563
79,3,0.241046831,1196,1,1,1,1,1,1,1,0,0,4,76350
172,1,0.12396694,1020,1,0,1,1,1,1,0,0,1,1,50310
264,2.5,0.241735533,495,1,1,1,1,1,1,1,1,0,3,94513
170,1.5,2.380000114,1988,1,0,1,1,1,1,1,0,1,3,111201
258,1,0.151515156,936,1,1,0,1,1,0,1,0,1,3,59893
82,2,0.174242422,1248,1,1,1,1,1,1,1,0,1,3,76725
114,1.5,0.015610652,816,1,0,0,1,0,1,1,0,0,3,55512
143,2,0.198002756,608,1,1,0,1,1,1,1,0,1,3,70354
127,2.5,0.174242422,1092,1,1,1,1,1,0,1,0,1,3,53729
96,2,0.172979802,864,1,0,0,1,1,0,1,0,1,3,61320
85,2,0.24793388,1092,1,1,1,1,1,1,1,0,1,3,85764
124,2,0.321395785,1215,1,1,0,1,1,1,0,0,1,5,81668
139,2,0.297520667,1144,1,1,1,1,1,0,1,1,1,4,104142
118,1.5,0.15495868,650,1,1,0,1,1,1,0,0,0,5,66066
125,1.5,0.378787875,960,1,0,0,1,1,0,0,0,1,3,43920
78,2,0.141184568,1196,1,0,1,0,0,1,0,0,0,5,111980
300,1.5,0.238751143,1404,0,1,1,1,1,1,1,0,1,3,83976
82,1,0.184802577,900,1,1,0,1,0,0,1,0,0,3,64575
133,2,0.212350786,1020,1,1,0,1,1,1,1,0,1,3,75951
82,2,0.275482088,960,1,1,0,1,1,1,0,0,0,4,67719
147,1,0.158402205,828,1,1,1,1,0,0,1,0,0,3,59218
80,1.5,0.241046831,702,1,1,1,1,1,1,0,0,0,3,89568
88,2,0.194214881,864,1,1,0,1,0,0,1,0,1,3,67531
123,1.5,0.208907262,1092,1,1,1,1,1,1,1,0,0,3,68240
114,3,0.275482088,1850,1,1,1,1,1,1,1,0,0,4,166880
109,2.5,0.222887978,672,1,0,0,1,1,1,1,0,0,3,93155
79,2,0.248760328,1100,1,1,0,1,1,1,1,0,0,3,67610
99,1,0.143480256,672,1,1,0,1,1,0,0,0,0,3,53628
81,2,0.218595043,988,1,1,1,1,1,1,1,0,0,3,69988
91,2,0.224977046,988,1,0,0,1,1,0,0,0,1,3,60853
136,1.5,0.171763092,988,1,1,0,1,1,1,1,0,0,3,62813
113,2,0.188429758,912,1,0,0,1,1,1,1,0,1,3,57426
164,2.5,0.329637289,1248,1,1,1,1,1,1,1,1,0,3,80525
206,2.5,0.330578506,1100,1,1,1,1,1,1,1,1,0,3,122398
113,2,0.233011931,1144,1,0,0,1,1,0,1,0,1,3,62062
241,1.5,1.529999971,775.6000366,1,1,1,1,1,1,1,0,0,4,150668
107,1,0.173278242,912,1,1,1,1,1,0,1,0,0,3,53935
106,1,0.151515156,1014,1,1,1,1,1,1,1,1,0,3,67324
126,1.5,0.220385671,960,1,1,1,1,1,1,1,0,0,3,66295
111,2,0.164141417,1300,1,1,1,1,1,1,1,0,0,4,74080
148,2,0.223829195,1056,1,1,0,1,0,1,1,0,1,3,60300
175,2.5,0.241046831,1092,1,1,1,1,1,1,1,0,1,3,73622
95,1.5,0.151515156,1040,1,1,0,1,0,1,1,0,0,3,67871
309,2,0.229568407,494,1,1,1,1,1,1,1,0,0,3,58772
111,1,0.206611574,888,0,1,0,1,0,0,0,0,1,3,44027
100,2,0.27364555,884,1,1,1,1,1,1,1,0,0,4,121185
263,3,0.381473839,1248,1,1,1,1,1,1,1,0,0,4,79857
149,2,0.241046831,1144,1,1,1,1,1,0,1,0,1,3,68391
140,2,0.189393938,960,1,0,0,1,0,1,1,0,1,2,49088
227,3.5,0.414141417,810,1,1,1,1,1,1,1,1,0,4,158308
152,1,0.151515156,875,1,1,0,1,1,0,0,0,1,2,57382
227,2.5,0.387396693,1475,1,1,1,1,1,1,1,0,1,4,110938
140,1,0.211202934,728,1,0,0,1,0,1,0,0,0,3,64615
210,3,0.220385671,1196,1,1,1,1,1,1,1,0,0,4,66616
201,2,0.261363626,1734,1,1,1,1,1,1,0,1,1,3,108157
245,2,1,1292,1,0,1,1,1,1,1,0,1,3,72250
95,4,0.265151501,1820,1,0,0,1,0,1,1,0,0,4,71750
84,3,0.237190083,1248,1,1,1,1,1,1,1,1,0,4,89338
196,2.5,0.462901741,1248,1,1,0,1,1,1,1,0,0,4,39260
256,2,0.222451791,1092,1,1,1,1,1,1,1,0,0,3,59893
148,2,0.215656564,1118,1,1,0,1,1,1,1,0,1,4,72780
189,2,0.179958671,950,1,1,1,1,1,0,1,0,0,3,58198
280,1.5,0.238751143,528,1,1,1,1,1,1,1,0,0,3,57798
97,3,0.198347107,1196,1,1,1,1,1,0,1,1,1,5,93633
145,1,0.164141417,936,1,1,0,1,0,1,1,0,1,3,55453
142,1,0.154269978,1600,0,1,0,1,1,1,0,0,1,3,52308
87,2,0.292699724,704,1,1,1,1,1,0,1,1,0,4,112530
114,2.5,0.327685952,1300,1,1,1,1,1,1,1,1,0,4,180024
141,1,0.462901741,864,1,0,0,1,0,1,0,0,1,3,44362
99,1,0.172176302,1008,1,0,0,1,0,1,1,0,1,3,54275
157,1.5,0.156680435,960,1,1,0,1,1,1,1,0,1,3,53180
103,2,0.189393938,1152,1,1,0,1,1,1,1,0,0,3,67582
75,1.5,0.206611574,960,1,1,1,1,1,1,1,1,0,3,62515
143,2.5,0.283516973,1144,1,1,1,1,1,1,1,0,0,3,78617
140,1,0.243801653,1368,1,0,1,1,0,1,0,0,1,2,88725
105,3,0.277777791,1568,1,1,1,1,1,1,1,0,0,3,103103
113,2,0.228994489,960,1,1,0,1,1,1,1,0,1,3,58027
90,3,0.661157012,1600,1,1,1,1,1,1,1,0,1,3,113832
135,2,0.164141417,1152,1,1,0,1,1,1,1,0,0,3,70138
144,2.5,0.229201108,558,1,0,1,1,0,1,1,0,1,3,80106
101,3,0.249173552,1344,1,1,1,1,1,1,1,0,1,4,105105
236,2.5,0.179063365,960,1,1,1,1,1,1,1,0,0,3,63339
124,1,0.143480256,900,1,0,0,1,1,0,0,0,1,2,59481
146,2,0.158402205,864,1,1,0,1,0,0,1,0,1,3,56283
94,1.5,0.137741044,672,1,1,1,1,0,1,0,0,0,3,58890
177,1,0.246602386,936,0,1,0,1,1,1,0,0,1,4,56676
81,2,0.275482088,616,1,1,0,1,0,1,0,0,1,3,50831
80,1,0.206611574,700,1,1,1,0,0,1,1,0,0,3,77086
88,2,1,1320,1,0,1,1,0,0,1,0,1,3,69202
140,2,0.220385671,1188,0,1,0,1,0,1,1,0,0,4,62686
93,2.5,0.294421494,1248,1,1,0,1,1,1,1,0,1,3,84084
113,3,0.225895315,1344,1,1,1,1,1,1,1,0,0,5,82311
144,2.5,0.206611574,1375,1,1,1,1,1,1,1,0,0,4,110268
145,1.5,0.198002756,1200,1,1,1,1,1,1,1,0,1,3,76662
127,1.5,0.256473839,1232,1,1,1,1,1,1,1,0,0,3,63072
109,2,0.192355365,864,1,1,1,1,1,1,1,0,1,3,51197
143,1,0.149219468,936,1,1,0,1,0,1,1,0,1,2,50946
156,1.5,0.158402205,1040,1,1,1,1,0,0,1,0,0,3,63822
125,1.5,0.164141417,1040,1,0,0,1,0,0,1,0,1,5,51883
96,2,1,960,1,0,1,1,0,1,1,0,1,4,77128
140,1,0.172176302,864,0,0,0,1,0,0,0,0,1,3,43515
133,2,0.278925628,1120,1,0,1,1,1,1,0,0,0,4,121584
144,3,0.224977046,1200,1,1,1,1,1,1,1,0,1,5,111540
246,1.5,0.18078512,1056,1,0,1,1,1,1,1,0,1,3,57473
142,2.5,0.234159783,1300,1,1,1,1,1,1,1,0,1,5,94427
180,1.5,0.213039488,1248,1,1,0,1,1,1,1,0,0,3,76447
272,2.5,0.165289253,1040,1,1,1,1,1,1,1,0,0,3,62852
82,1,0.172176302,1015,1,0,0,1,0,0,0,0,1,2,43004
101,1.5,0.214876026,1144,1,1,0,1,1,1,1,0,0,3,56183
96,1.5,0.264600545,960,1,1,1,1,1,1,1,0,1,2,93565
147,2.5,0.180440769,960,1,1,1,1,1,1,1,0,0,4,78811
92,2,3.359999895,2460,1,1,1,1,1,1,1,1,1,3,137841
143,2.5,0.75,1292,1,1,1,1,1,1,1,0,0,3,172610
92,3,0.369605154,1248,1,1,1,1,1,1,1,0,0,4,87285
102,2,0.189072549,1056,1,0,0,1,1,0,1,0,1,4,58383
99,1,0.114784204,580,1,1,0,1,0,0,0,0,1,1,32137
84,2,0.164141417,1196,1,1,1,1,1,1,1,0,0,3,67126
107,2.5,0.257116616,1568,1,1,1,1,1,1,1,0,1,3,121888
104,1.5,0.146005511,1144,1,1,1,1,1,1,1,0,0,3,70585
141,1,0.137741044,1024,1,0,0,1,0,1,0,0,1,3,47550
162,1.5,0.095087238,448,0,1,0,1,1,1,0,1,0,2,40209
163,2,0.232782364,1196,1,1,1,1,1,0,1,0,1,3,77050
106,2,0.279040396,780,1,1,1,1,1,1,0,0,0,3,98779
141,2,0.405876964,1248,1,1,1,1,1,1,0,0,1,3,100587
93,2.5,0.171602383,1144,1,1,1,1,1,1,1,0,0,3,68705
136,1.5,0.259986222,912,1,1,0,1,1,0,1,0,1,3,51900
251,1.5,0.206611574,1300,1,1,1,1,1,1,1,0,1,3,62284
114,3,0.282828271,1152,1,1,1,1,1,0,1,0,0,5,88088
141,2,0.197750226,1140,1,1,0,1,0,1,0,0,1,3,46291
138,2,0.186914608,988,1,1,1,1,1,0,1,1,0,3,65334
136,2,1.299999952,1800,1,1,1,1,1,1,0,1,0,3,129990
102,2,0.408999085,532,1,1,1,1,1,1,0,0,1,3,80139
118,2.5,0.949999988,992,1,1,1,1,1,1,1,0,0,4,120000
101,1.5,0.206611574,1232,1,1,0,1,1,0,1,1,1,3,78579
239,2,0.232438013,1288,1,1,1,1,1,1,1,0,0,4,80621
89,2,0.238751143,1200,1,1,1,1,1,1,1,0,0,4,90644
75,1.5,0.158402205,864,1,1,1,1,0,0,1,0,1,4,57246
155,2,0.238751143,1344,1,1,1,1,1,1,1,0,0,3,91768
181,4,1,1344,1,1,1,1,1,1,1,1,0,3,206495
124,3,0.26687327,1596,1,1,1,1,1,1,1,0,0,4,104244
105,2,0.259641886,1008,0,1,0,1,1,1,1,0,1,3,52939
219,2.5,0.286960512,1200,1,1,0,1,1,0,1,0,1,4,76656
98,2,0.15495868,930,1,1,1,1,1,0,1,1,0,3,66178
83,2,0.233241513,528,1,1,1,1,1,1,1,0,0,3,85075
134,1.5,0.107438013,480,0,1,0,1,1,1,0,0,0,2,46620
115,1,0.172176302,936,1,0,0,1,0,0,0,0,1,3,47047
136,1,0.392561972,660,1,1,0,1,1,1,0,0,1,2,71324
141,3,0.237603307,1232,1,1,1,1,1,1,1,0,1,4,81120
122,1,0.219123051,1008,1,1,0,1,1,0,1,0,1,3,56210
121,1,0.244490355,988,1,1,0,1,1,1,1,0,1,3,73482
105,1,0.151515156,988,1,1,1,1,1,0,1,0,0,3,59819
82,3,0.238751143,1040,0,1,1,1,1,0,1,0,1,4,65988
75,2,0.286960512,936,1,0,0,1,0,1,1,0,1,3,65152
128,2,0.165289253,896,1,1,0,0,1,0,1,0,0,4,56556
76,1,0.137741044,1024,1,0,0,1,0,1,0,0,1,3,50419
98,2.5,0.288475663,1404,1,1,1,1,1,1,1,0,1,3,101184
127,1,0.18457301,950,1,1,0,1,1,0,0,0,1,3,64357
137,1.5,0.208907262,960,1,0,0,1,0,0,0,0,1,3,48743
152,4,1.5,836,1,1,1,1,1,1,1,0,0,5,165877
90,1,0.275482088,780,1,0,0,1,1,0,0,0,0,3,50873
142,2,0.215220392,792,1,1,0,1,1,0,1,0,1,4,74022
157,2.5,0.334251612,703,1,0,0,1,1,1,1,0,1,4,72970
219,2.5,1,1856,1,1,1,1,1,1,1,0,1,3,126614
234,3,1,1680,1,1,1,1,1,1,1,1,1,3,118949
93,2,0.137741044,624,1,0,0,1,0,1,0,0,0,3,58540
118,1,0.198002756,1025,1,1,0,1,1,1,1,0,0,3,69269
106,2,0.578512371,1008,1,1,1,1,1,1,1,0,0,4,122553
174,2,0.229568407,912,1,1,0,1,1,1,1,0,0,3,59818
263,1,0.227410466,720,1,1,0,1,1,1,0,0,1,3,58162
144,3,0.213498622,896,1,1,0,1,1,0,1,0,1,3,66181
112,2.5,0.839999974,780,1,1,1,1,1,1,1,0,0,3,97139
153,1,0.170798898,864,1,0,0,0,0,1,0,0,1,3,49293
170,2.5,0.309917361,1232,1,1,1,1,1,1,1,1,0,4,136968
125,2,0.15495868,930,1,1,1,1,1,0,1,1,1,3,66295
257,1.5,1.799999952,1118,1,0,0,1,1,1,1,0,1,3,78082
152,1,0.172176302,864,1,1,0,1,1,0,1,0,1,3,52078
98,2.5,0.220385671,960,1,1,1,1,1,0,1,0,0,4,118902
139,2,0.241046831,990,1,1,1,1,1,1,1,0,1,3,73512
150,2.5,0.275482088,1120,1,1,1,1,1,1,1,0,1,3,93932
226,2,0.177571163,1288,1,1,0,1,1,1,0,1,1,3,76361
77,1,0.241046831,1040,1,0,1,1,1,0,1,0,1,3,71446
129,2,0.234159783,1300,1,1,1,1,1,1,1,0,1,4,103121
176,3,0.266299367,1056,1,1,1,1,1,1,1,0,1,4,102765
145,2,0.200872362,780,1,0,1,1,1,1,1,0,0,5,95584
228,2.5,0.306014687,672,1,1,1,1,1,1,1,0,1,3,99824
134,2,0.275482088,1288,1,1,1,1,1,1,1,0,0,3,73737
144,2.5,0.276285589,1248,1,1,1,1,1,1,1,0,1,4,86063
109,1,0.146212116,868,1,1,0,1,1,1,0,1,0,2,53738
285,1.5,0.148760334,897,1,1,0,1,1,1,1,0,1,3,55270
180,2,0.220385671,1280,1,1,1,1,1,0,1,0,1,3,87870
158,3,1.970000029,2040,1,1,1,1,1,1,1,0,1,5,112364
137,2,0.720000029,960,1,1,1,1,1,1,1,0,0,3,106744
148,1.5,0.156680435,960,1,1,0,1,0,1,1,0,1,3,67837
140,1,0.172176302,768,0,0,0,1,0,0,0,0,1,2,43398
123,2.5,0.5,1248,1,1,1,1,1,1,1,0,1,4,102188
127,1.5,0.188016534,1056,1,1,1,1,1,1,1,0,0,3,64592
81,1.5,0.137741044,1152,1,0,0,1,1,1,0,0,0,4,117643
98,2,0.930000007,1260,1,1,1,1,1,1,1,1,0,4,106646
96,3,0.449954093,1150,1,1,1,1,1,1,1,0,0,4,80937
87,2,0.208907262,1280,1,1,0,1,1,1,1,0,1,3,77111
204,2,0.30486685,1144,1,1,0,1,1,1,1,0,1,4,69242
76,1.5,0.158402205,864,1,1,0,1,0,0,1,0,0,4,56611
180,2.5,0.981450856,1472,1,1,1,1,1,1,1,1,0,4,192435
137,2,0.370982558,780,1,1,1,1,1,1,1,0,0,5,117086
147,1.5,0.129132226,899,1,1,0,1,1,1,1,1,0,2,56102
171,2,0.25252524,1288,1,0,1,1,1,1,1,0,1,3,76464
107,2,0.206611574,1512,1,0,1,1,1,1,1,0,0,3,83265
101,1,0.151515156,925,1,0,0,0,0,1,1,0,1,2,56586
82,3,0.206611574,1440,1,1,1,1,1,1,1,0,0,4,92338
84,1,0.261707991,624,1,0,0,1,1,1,0,0,0,2,57855
94,2.5,0.5,728,1,1,1,1,1,1,1,0,0,3,101038
151,2.5,0.289485753,1296,1,1,1,1,1,1,1,1,0,3,133666
125,1.5,0.181818187,672,1,1,1,1,1,1,1,0,1,5,77700
120,2.5,0.220385671,1440,1,1,1,1,1,1,1,0,0,4,85511
219,2,0.166666672,1152,1,1,1,1,1,1,1,0,0,4,73572
136,2,0.225895315,1248,1,1,1,1,1,1,1,0,0,3,94158
111,2,0.176882461,988,1,1,0,1,0,0,1,0,0,3,55990
98,1.5,0.309917361,960,1,1,0,1,1,1,1,0,1,3,67943
144,1.5,0.15495868,864,1,0,0,0,0,0,0,0,1,3,35735
148,2,0.301308543,1200,1,1,1,1,1,1,1,0,1,3,108200
111,2,0.299586773,1950,1,1,1,1,1,1,1,0,0,4,77884
114,2,0.238751143,1040,0,1,1,1,1,0,1,0,1,3,63169
168,2,0.172176302,950,1,1,0,1,1,1,1,0,1,3,59272
87,1.5,0.229568407,1118,1,1,1,1,1,1,1,0,1,4,76718
89,2.5,0.346648306,1377,1,1,1,1,1,1,1,0,0,4,131936
150,1.5,0.266299367,720,1,1,1,1,1,1,1,0,0,3,110268
247,3.5,1.034894347,656,1,1,1,1,1,1,1,0,0,4,156761
173,3,0.17931588,1247,1,1,1,1,1,1,1,0,0,3,86688
140,2.5,0.206611574,1248,1,1,1,1,1,1,1,1,0,4,88964
127,2,0.235307619,1092,1,1,1,1,1,0,1,1,1,3,88742
119,1,0.143480256,928,1,0,0,0,0,0,1,0,1,3,42904
182,1.5,0.213636369,864,1,1,1,1,1,0,1,0,1,3,54577
148,2,0.151515156,912,1,1,0,1,1,0,1,1,0,3,62813
123,2,0.188016534,888,1,1,1,1,1,1,0,0,0,3,63315
85,4,0.241046831,1500,1,0,0,1,1,1,0,0,0,6,117705
148,1,0.143480256,768,1,1,1,1,0,0,0,0,1,2,54113
171,3,0.646808982,1064,1,1,1,1,1,1,1,0,0,3,89353
99,2.5,0.327984393,952,1,1,1,1,1,1,1,0,0,4,123720
90,2,0.216942146,1092,1,1,1,1,1,1,1,1,0,4,93565
140,2,0.160697892,864,1,1,0,1,0,0,0,0,1,3,54756
168,2,0.238751143,1980,1,1,1,1,1,1,0,1,1,3,124187
152,1.5,0.241046831,1232,1,1,0,1,1,1,1,0,1,3,78655
113,2.5,1.559999943,1344,1,1,1,1,1,1,1,0,0,4,122766
135,2,0.162534431,864,1,0,0,1,0,0,1,0,1,3,51883
75,1.5,0.172176302,840,1,0,0,0,0,1,0,0,0,3,54285
219,2.5,0.390243352,720,1,1,1,1,1,1,1,0,0,4,106919
155,1.5,0.211891651,1120,1,1,0,1,1,1,0,0,1,3,66723
98,2,0.192837462,960,1,0,0,1,1,1,1,0,0,3,67015
181,1.5,0.20569329,1000,1,1,0,1,1,1,1,0,0,4,60935
144,1.5,0.184802577,1000,1,1,1,1,0,0,1,0,1,3,66965
82,1.5,0.151515156,1092,1,1,1,1,1,1,1,0,0,3,68675
90,2,0.345959604,936,1,1,1,1,1,1,1,0,0,4,110670
116,2,0.206611574,1400,1,1,1,1,1,1,1,0,1,4,73133
96,2.5,0.211202934,1248,1,1,1,1,1,1,1,0,0,3,78356
90,2.5,1.200000048,1196,1,1,1,1,1,1,0,1,0,3,139128
116,2,0.222543612,1008,0,1,0,1,1,1,0,0,1,3,54000
176,3.5,0.225895315,1040,1,1,1,1,1,1,1,0,0,5,115970
140,1,0.225619838,756,0,1,1,1,1,0,1,1,1,2,53239
84,1.5,0.321969688,960,1,0,0,1,0,0,1,0,0,3,69700
146,1,0.182506889,728,1,0,1,1,1,1,0,0,0,3,58565
145,1,0.147382915,960,1,1,0,1,1,0,1,0,1,3,57798
144,2,0.375918269,1288,1,1,1,1,1,1,1,1,1,3,108498
162,2,0.482093662,1152,1,1,1,1,1,1,1,0,0,4,76247
210,2.5,0.151515156,720,0,1,1,1,1,1,1,0,0,3,60998
146,1,0.215220392,726,1,1,0,1,0,1,0,0,1,3,73750
301,1.5,0.151515156,924,0,1,0,1,1,1,1,1,1,3,57044
149,2,0.132644624,936,1,1,1,1,1,0,1,0,0,4,83589
89,1,0.160697892,1025,0,0,0,1,0,1,0,0,1,3,42903
110,1,0.172176302,864,1,1,0,1,1,0,1,0,1,3,50726
122,2,0.165289253,864,1,1,0,1,1,1,1,0,1,3,61320
148,2,0.35640496,1092,1,1,1,1,1,1,1,0,1,3,89931
87,1.5,0.151515156,960,1,1,1,1,1,1,1,0,0,3,64985
115,2,0.247658402,936,1,1,1,1,1,0,1,0,0,4,77998
122,2,0.160697892,896,1,0,0,1,0,1,1,0,0,3,69803
119,1.5,0.158402205,851,1,1,0,1,0,0,1,0,0,3,56800
134,1,0.118227735,864,1,0,1,1,0,0,0,0,0,4,52364
136,2,0.143480256,832,1,1,0,1,1,1,1,0,0,3,77152
140,3.5,1.014692426,1656,1,1,1,1,1,1,1,0,0,5,151778
101,2.5,0.316230476,2244,0,1,1,1,1,1,0,0,1,3,110670
152,2,0.69614327,1500,1,0,1,1,1,1,0,0,0,5,132924
136,1.5,0.275482088,216,1,1,1,1,1,1,1,0,0,4,92237
139,2.5,0.367309451,768,1,1,1,1,1,1,1,0,0,2,85200
168,3,0.327823699,1560,1,1,1,1,1,1,1,0,1,4,115418
91,2,0.224977046,988,1,0,0,1,1,0,0,0,1,3,60853
177,2.5,0.211202934,720,1,1,1,1,1,0,1,0,0,3,99403
148,2,0.273186415,676,1,0,0,1,1,1,0,0,0,3,76167
84,1,0.270707071,624,1,0,0,1,0,0,0,0,0,2,45012
148,1.5,0.168617994,630,1,1,0,1,1,1,1,0,0,3,58987
227,1.5,0.165289253,864,1,1,1,1,1,0,1,0,0,3,53719
148,2,0.192837462,1120,1,1,0,1,1,0,0,0,1,3,71368
102,2.5,0.498852164,728,1,1,1,1,1,1,1,0,0,3,88816
139,2,0.259687781,1344,1,1,0,1,1,1,0,1,0,4,99395
118,2,0.207300276,912,1,0,0,1,0,1,0,0,1,2,60456
144,4,0.5,912,1,1,1,1,1,1,1,0,0,4,116448
128,1.5,0.228994489,1000,1,1,0,1,1,0,0,0,1,3,62309
145,2.5,0.216712579,1296,1,1,1,1,1,1,1,0,0,3,110906
127,1,0.229568407,837,1,1,0,1,1,1,0,0,1,3,75375
103,3,0.206611574,744,1,1,1,1,1,1,1,0,0,3,85784
103,2,0.24793388,1088,1,1,1,1,1,1,1,1,1,3,89817
113,1.5,0.199426085,1092,1,1,1,1,1,1,1,0,0,3,65186
85,2,0.204086319,864,1,1,0,1,0,0,1,0,1,3,61364
230,2,0.818939388,1120,1,1,1,1,1,1,0,0,0,3,118649
126,2.5,0.276905417,874,1,1,1,1,1,1,0,0,0,4,80736
94,3,0.234618917,1064,1,1,0,1,1,1,1,0,1,4,77325
227,1.5,0.214646459,672,1,1,1,1,1,1,0,0,0,4,70030
119,2,0.406611562,884,1,0,0,1,1,1,1,0,0,4,99948
150,1,0.126836553,768,0,0,1,1,1,1,0,0,1,3,42798
77,1.5,0.208907262,456,1,1,1,1,1,0,1,0,0,3,66251
136,1.5,0.201170802,1092,1,1,0,1,1,0,1,0,1,3,68472
177,2,0.306703389,1064,1,1,1,1,1,1,1,1,0,3,69582
134,1.5,0.241046831,1120,1,1,1,1,1,1,1,0,1,3,71873
112,2.5,0.283608824,1152,1,1,1,1,1,1,1,0,0,3,75360
78,2,0.5,640,1,1,1,1,1,1,1,0,1,3,95692
283,2.5,0.242883384,1296,1,1,1,1,1,1,1,0,1,3,78566
80,1,0.189049587,864,1,1,0,1,0,0,1,0,1,3,53384
119,2.5,0.253673106,1728,1,1,1,1,1,1,1,0,0,4,125706
142,2,0.149449036,1280,1,1,0,1,1,1,1,1,1,4,70325
188,2.5,0.225895315,625,1,1,1,1,1,1,1,0,0,4,91496
246,2,0.277410477,1152,1,1,0,1,1,1,1,1,0,3,68726
133,1.5,0.192837462,1120,1,1,0,1,1,1,1,0,1,3,59272
109,2.5,0.730000019,1428,1,1,1,1,1,1,1,0,0,4,142974
163,1.5,0.217171714,1008,1,1,0,1,1,1,1,0,0,3,62935
251,2,0.206611574,1269,1,1,1,1,1,1,1,0,0,3,100678
248,2,0.257116616,1040,1,1,1,1,1,1,1,0,0,4,81502
201,2,0.207024798,1292,1,1,1,1,1,1,1,1,0,3,71976
167,2.5,0.344352603,912,1,1,1,1,1,1,1,1,0,3,139009
93,2,0.24793388,950,1,1,0,1,1,1,1,0,0,4,87157
247,2,0.220385671,936,1,1,0,1,1,0,1,0,0,4,84410
135,2.5,0.151515156,1014,1,1,1,1,1,1,1,0,0,4,77632
147,3,3,1170,1,1,1,1,1,1,1,0,0,4,169845
253,1.5,0.229568407,1232,1,1,1,1,1,1,1,0,1,3,118898
136,1,0.158402205,864,1,1,0,1,0,0,0,0,1,3,56280
111,3.5,1.019999981,1456,1,1,1,1,1,1,1,1,0,3,218620
113,1,0.275482088,672,1,0,0,0,0,0,0,0,1,2,43544
203,3,0.257116616,1196,1,1,1,1,1,1,1,0,0,4,69205
62,1.5,0.217630848,1040,1,1,0,1,1,0,1,1,0,3,67310
133,1.5,0.148760334,960,1,1,0,1,1,1,1,0,1,3,56531
201,2.5,0.253673106,1080,1,1,1,1,1,1,1,0,1,3,68974
80,1.5,0.224931136,1040,1,1,0,1,1,1,0,0,1,3,62515
91,1.5,0.227249771,858,1,1,0,1,0,1,1,0,1,3,56603
80,1,0.227410466,672,1,1,0,1,1,1,1,0,1,3,71610
176,1,0.200000003,925,0,0,1,1,1,1,0,0,1,3,38345
81,1,0.189393938,864,1,0,0,0,1,0,1,0,1,3,51870
139,2,0.227272734,950,1,1,0,1,1,1,1,0,1,3,58109
229,2.5,0.305325985,816,1,1,1,1,1,1,1,0,0,4,86821
105,2,0.250275493,768,1,1,0,1,1,1,1,1,0,3,57561
189,1,0.187327817,972,1,1,0,1,1,0,0,0,1,3,58962
145,2,0.292699724,1144,1,1,1,1,1,1,1,0,0,3,74259
261,2,0.263452709,2016,1,1,1,1,1,1,1,0,1,3,94259
154,2,0.192837462,952,1,1,1,1,0,0,1,0,1,3,65756
104,1.5,0.158402205,864,1,1,0,1,1,0,1,0,1,3,53935
85,1,0.20144628,864,0,0,0,1,1,0,0,0,1,3,44888
84,1,0.289256185,832,1,1,1,0,1,1,0,0,0,3,65124
190,3,0.022497704,1248,1,1,0,1,1,1,1,0,1,4,68818
113,2,0.31588614,1472,1,1,0,1,1,0,1,0,1,3,88088
80,2,0.241735533,816,1,1,0,1,1,1,1,0,0,4,87638
147,1.5,0.232782364,1040,1,1,1,1,1,1,1,0,0,3,69345
103,1,0.200872362,1144,1,0,0,1,1,1,0,0,1,3,72199
148,1,0.232438013,1152,1,1,1,1,1,1,1,0,1,3,88218
214,1.5,0.257529855,1176,1,1,1,1,1,1,1,0,1,3,68201
152,1,0.186524332,925,0,0,1,0,0,0,1,0,1,3,46416
166,2,0.261707991,1248,1,1,1,1,1,1,1,0,0,4,70322
124,2,0.271074385,1232,1,1,1,1,1,1,1,0,1,4,96579
103,2.5,0.275482088,832,1,1,1,1,1,1,1,0,0,4,82841
113,2,0.270569325,1120,1,1,1,1,1,1,1,0,1,3,71446
148,2,0.309917361,2048,1,1,0,1,1,1,0,1,1,3,95665
142,2,0.236294761,1400,1,1,0,1,1,1,1,0,0,3,76050
94,2,0.256198347,728,1,1,1,1,1,1,1,0,0,3,103155
145,1.5,0.229568407,1104,1,0,0,1,1,0,1,0,1,4,56375
109,1.5,0.258264452,480,1,0,0,1,0,1,0,0,1,2,51802
98,3,0.204499543,1890,1,1,1,1,1,1,1,0,0,4,96543
145,2,0.459136814,1288,1,1,0,1,1,1,1,0,1,3,81712
219,1,0.20826447,492,1,0,1,1,1,0,1,0,0,3,57272
97,2,0.250275493,768,1,1,0,1,1,1,1,1,0,3,64867
87,2,0.225895315,1176,1,1,1,1,1,1,0,1,1,3,91738
136,1.5,0.143480256,918,1,0,0,1,0,1,1,0,1,3,66472
140,1,0.116896235,816,1,0,0,1,0,0,0,0,1,3,45449
110,3,0.240013778,820,1,1,1,1,1,1,1,0,1,4,105606
91,1.5,0.158402205,925,1,1,0,1,0,0,1,0,0,3,57970
102,1.5,0.128558308,756,1,0,0,0,1,1,0,0,0,3,56195
134,2,0.255394846,1092,1,1,1,1,1,1,1,1,0,3,71099
137,2,0.199724525,900,1,1,0,1,0,0,1,0,1,3,56283
134,1.5,0.275482088,700,1,1,0,1,1,1,1,0,0,3,66822
112,1,0.223829195,884,1,0,0,1,0,0,0,0,1,3,54555
251,2.5,0.258264452,1120,1,1,1,1,1,0,1,0,1,3,71145
226,1.5,0.61065197,1120,1,1,1,1,1,1,1,0,0,4,86821
86,1,0.161042243,1008,1,0,0,1,0,0,0,0,1,1,55344
156,2,2.191735506,1350,1,1,0,1,1,1,1,0,0,3,80812
154,3,2.799999952,1230,1,1,1,1,1,0,1,1,0,5,158026
84,2,0.215220392,1152,1,1,0,1,0,1,1,0,1,3,67331
108,3.5,0.293847561,756,1,1,1,1,1,1,1,0,0,4,142577
103,2,0.311294764,1092,1,1,1,1,1,1,1,0,0,3,65702
135,2.5,0.229568407,1248,0,1,1,1,1,1,1,0,0,4,77632
140,1,0.151515156,988,0,1,0,1,1,0,0,0,1,3,47550
127,3,0.240013778,962,1,1,1,1,1,1,1,0,0,4,109192
196,3,0.227731869,672,1,1,1,1,1,1,1,0,0,4,120859
148,2,0.238751143,1056,1,1,1,1,1,1,1,0,0,4,76380
143,1.5,0.158402205,864,1,1,0,1,0,0,1,0,0,3,58095
153,1,0.192837462,960,1,1,0,1,0,0,1,0,1,3,57053
135,3.5,0.309917361,896,1,1,1,1,1,1,1,0,0,4,111705
179,2,1.00999999,1600,1,0,1,1,1,1,0,1,1,3,76648
90,2,0.35812673,1292,1,1,1,1,0,1,0,0,1,3,68313
81,3.5,0.225895315,1872,1,1,1,1,1,1,1,0,0,4,114713
99,1,0.168962345,972,1,0,0,1,0,1,0,0,0,3,52371
97,2,0.2419651,1120,1,1,1,1,1,1,1,0,0,4,93316
101,1.5,0.195592284,1120,1,1,0,1,1,1,0,0,1,3,60941
251,1.5,0.151515156,960,1,1,0,1,1,1,1,0,0,3,52045
127,2,0.229683191,1008,1,1,1,1,1,1,1,0,0,3,73035
124,2,0.160606057,1125,1,1,1,1,1,1,1,0,1,3,86400
147,2,0.207805321,1196,1,1,0,1,1,1,1,0,0,4,65813
121,2,0.164141417,299,1,1,0,1,1,1,1,0,0,3,65325
194,2,0.264462799,936,1,1,1,1,1,1,0,0,1,2,57276
101,2,0.206611574,650,1,1,1,1,0,1,1,0,0,3,91091
115,2,0.268135905,1248,1,1,1,1,1,1,1,0,0,5,81258
111,1,0.138429746,884,1,1,0,1,0,1,0,0,1,3,69099
121,2,0.242975205,1056,1,1,1,1,1,1,1,0,0,3,68340
85,2.5,0.166666672,1040,1,1,1,1,1,1,1,1,0,4,68675
82,2,1,840,1,1,1,1,1,1,1,0,1,4,76350
118,2,0.206611574,988,1,1,0,1,1,0,0,1,1,3,61061
249,1.5,0.306244254,1144,1,1,1,1,1,1,1,0,1,4,58871
81,1,0.23645547,875,1,0,0,1,0,0,0,0,1,3,47058
142,1,0.126836553,1120,0,0,0,1,1,0,1,0,1,3,49519
174,2.5,0.238177225,1232,1,1,1,1,1,1,1,0,1,3,82058
103,2,0.270867765,1144,1,1,0,1,1,1,1,0,1,4,63162
87,2.5,0.220385671,816,1,1,1,1,1,1,1,0,0,4,104082
99,2.5,0.34710744,1408,1,1,1,1,1,1,1,0,1,3,74566
127,2,0.151515156,832,0,1,1,1,1,1,1,0,0,4,71355
206,1.5,0.210674927,1092,1,1,0,1,1,1,1,0,0,3,65433
94,2,0.151515156,1014,1,1,1,1,1,1,1,1,0,4,77325
152,2,0.23443526,1144,1,1,1,1,1,0,1,0,0,3,75525
63,2,0.257116616,1248,1,1,1,1,1,1,1,0,0,3,85617
93,2,0.25475207,572,1,0,0,1,1,1,0,0,1,3,66456
110,1,0.17355372,936,1,0,1,1,1,1,1,0,0,3,58529
280,2.5,0.275482088,900,1,1,0,1,1,0,1,0,0,4,62982
123,3,0.240013778,1440,1,1,1,1,1,1,1,0,0,4,84826
149,1.5,0.220385671,1040,1,1,1,1,1,1,1,0,0,3,72863
148,3,0.257116616,1144,1,1,0,1,1,1,1,0,0,3,80560
128,2,0.22004132,1120,1,1,0,1,1,1,1,0,1,3,77312
93,1,1.377410412,930,1,1,0,1,0,1,0,0,1,2,53053
147,2,0.171602383,960,1,1,0,1,1,1,0,0,0,4,56182
80,2,0.179063365,960,1,1,1,1,1,1,1,1,0,3,68983
103,2.5,0.234159783,1300,1,1,1,1,1,1,1,0,1,4,93178
90,2.5,0.26687327,912,1,1,1,1,1,1,1,0,0,4,103684
201,2,0.289256185,768,1,1,1,1,1,1,1,0,0,4,100445
152,1.5,0.165289253,900,1,0,0,1,1,0,1,0,1,3,58910
152,2,0.226813585,1232,1,1,1,1,1,1,1,0,0,5,78327
127,2.5,0.273186415,1300,1,1,1,1,1,1,1,1,0,3,165658
61,2,0.169696972,1248,1,0,0,1,0,1,1,0,1,3,63420
147,2,0.235215798,1144,1,1,1,1,1,1,1,0,0,3,70473
84,1,0.131772265,936,1,0,0,1,0,1,1,0,0,4,79384
172,2,0.189393938,1440,1,1,0,1,1,1,0,0,1,3,73392
145,2,0.258264452,1200,1,1,1,1,1,1,1,0,0,4,90032
190,3,3.5,1144,1,1,1,1,1,1,1,0,1,3,118785
206,2.5,0.258264452,1650,1,1,1,1,1,1,1,0,0,4,163583
128,2,0.550000012,1056,1,1,1,1,0,0,1,0,1,3,68257
101,2,0.258218557,1364,1,1,1,1,1,1,1,0,1,3,98735
93,2,0.087121211,700,1,1,1,1,1,1,0,1,1,2,62889
92,2,0.24793388,1040,1,1,1,1,1,1,1,1,0,5,83122
105,1,0.352961421,1120,1,1,1,1,1,0,0,0,1,3,59573
116,2,0.080303028,880,1,1,0,1,1,1,1,0,0,3,44800
143,1,0.179522499,1000,1,1,0,1,0,0,0,1,1,3,67284
116,1,0.278374642,384,1,1,1,1,0,1,1,0,0,3,68569
101,2,0.305555552,1176,1,1,0,1,0,1,0,0,1,2,70366
104,2,0.173094586,1230,0,0,1,1,1,1,0,0,1,3,80733
78,3,0.220385671,1196,1,1,1,1,1,1,1,1,1,5,94752
